  
 ----------------
 Bad Element Info
 ----------------
  
 Element            1
         -19935.366289077832        4240.9674195961798        0.0000000000000000     
         -14919.651414146811        4234.9396876482897        0.0000000000000000     
         -14913.935472358286        8422.0944383332971        0.0000000000000000     
         -19927.834620289032        8426.4668996145356        0.0000000000000000     
 Problems:
       Signed Area        20993657.014636297     
       Jacobian           20985705.208458778     
  
 //////////////////////////////////////////////////
 Element            2
         -14919.651414146811        4234.9396876482897        0.0000000000000000     
         -9913.2219865473489        4231.4867193243499        0.0000000000000000     
         -9939.2472816287427        8417.4287661816197        0.0000000000000000     
         -14913.935472358286        8422.0944383332971        0.0000000000000000     
 Problems:
       Signed Area        20893174.770396426     
       Jacobian           20823635.042084612     
  
 //////////////////////////////////////////////////
 Element            3
         -9913.2219865473489        4231.4867193243499        0.0000000000000000     
         -4912.8042901059334        4254.9903382738876        0.0000000000000000     
         -4968.7744243587376        8419.6292200884927        0.0000000000000000     
         -9939.2472816287427        8417.4287661816197        0.0000000000000000     
 Problems:
       Signed Area        20816209.029046658     
       Jacobian           20700347.682091381     
  
 //////////////////////////////////////////////////
 Element            4
         -4912.8042901059334        4254.9903382738876        0.0000000000000000     
          2.8255034243926223E-004   4275.1090685502240        0.0000000000000000     
          1.0446507831094632E-004   8422.6195229099321        0.0000000000000000     
         -4968.7744243587376        8419.6292200884927        0.0000000000000000     
 Problems:
       Signed Area        20534613.647130508     
       Jacobian           20375908.328900933     
  
 //////////////////////////////////////////////////
 Element            5
          2.8255034243926223E-004   4275.1090685502240        0.0000000000000000     
          4912.8049843367871        4254.9902991883437        0.0000000000000000     
          4968.7746452151914        8419.6292084883662        0.0000000000000000     
          1.0446507831094632E-004   8422.6195229099321        0.0000000000000000     
 Problems:
       Signed Area        20534614.004067659     
       Jacobian           20375908.857303951     
  
 //////////////////////////////////////////////////
 Element            6
          4912.8049843367871        4254.9902991883437        0.0000000000000000     
          9913.2226341893511        4231.4866814296383        0.0000000000000000     
          9939.2474856925455        8417.4287350498616        0.0000000000000000     
          4968.7746452151914        8419.6292084883662        0.0000000000000000     
 Problems:
       Signed Area        20816208.976583865     
       Jacobian           20700347.748823121     
  
 //////////////////////////////////////////////////
 Element            7
          9913.2226341893511        4231.4866814296383        0.0000000000000000     
          14919.651691214276        4234.9396195656409        0.0000000000000000     
          14913.935596496089        8422.0943299966584        0.0000000000000000     
          9939.2474856925455        8417.4287350498616        0.0000000000000000     
 Problems:
       Signed Area        20893173.745561752     
       Jacobian           20823634.745241430     
  
 //////////////////////////////////////////////////
 Element            8
          14919.651691214276        4234.9396195656409        0.0000000000000000     
          19935.366335968443        4240.9672232538569        0.0000000000000000     
          19927.834663797777        8426.4665657723908        0.0000000000000000     
          14913.935596496089        8422.0943299966584        0.0000000000000000     
 Problems:
       Signed Area        20993655.917602941     
       Jacobian           20985704.179892026     
  
 //////////////////////////////////////////////////
 Element            9
         -19927.834620289032        8426.4668996145356        0.0000000000000000     
         -14913.935472358286        8422.0944383332971        0.0000000000000000     
         -14918.569459165865        12580.928927466661        0.0000000000000000     
         -19928.560546437151        12574.090512557617        0.0000000000000000     
 Problems:
       Signed Area        20815759.368953921     
       Jacobian           20779562.298384964     
  
 //////////////////////////////////////////////////
 Element           10
         -14913.935472358286        8422.0944383332971        0.0000000000000000     
         -9939.2472816287427        8417.4287661816197        0.0000000000000000     
         -9951.8381689573871        12592.746073901611        0.0000000000000000     
         -14918.569459165865        12580.928927466661        0.0000000000000000     
 Problems:
       Signed Area        20713355.553394243     
       Jacobian           20655868.148477551     
  
 //////////////////////////////////////////////////
 Element           11
         -9939.2472816287427        8417.4287661816197        0.0000000000000000     
         -4968.7744243587376        8419.6292200884927        0.0000000000000000     
         -4982.6239079319275        12601.286947937724        0.0000000000000000     
         -9951.8381689573871        12592.746073901611        0.0000000000000000     
 Problems:
       Signed Area        20766500.278414745     
       Jacobian           20748153.847011287     
  
 //////////////////////////////////////////////////
 Element           12
         -4968.7744243587376        8419.6292200884927        0.0000000000000000     
          1.0446507831094632E-004   8422.6195229099321        0.0000000000000000     
         -2.5904731916691068E-005   12603.915274193017        0.0000000000000000     
         -4982.6239079319275        12601.286947937724        0.0000000000000000     
 Problems:
       Signed Area        20805789.944525469     
       Jacobian           20775915.826844480     
  
 //////////////////////////////////////////////////
 Element           13
          1.0446507831094632E-004   8422.6195229099321        0.0000000000000000     
          4968.7746452151914        8419.6292084883662        0.0000000000000000     
          4982.6239055966607        12601.286942972220        0.0000000000000000     
         -2.5904731916691068E-005   12603.915274193017        0.0000000000000000     
 Problems:
       Signed Area        20805790.088781379     
       Jacobian           20775915.875932164     
  
 //////////////////////////////////////////////////
 Element           14
          4968.7746452151914        8419.6292084883662        0.0000000000000000     
          9939.2474856925455        8417.4287350498616        0.0000000000000000     
          9951.8382458223223        12592.746048802062        0.0000000000000000     
          4982.6239055966607        12601.286942972220        0.0000000000000000     
 Problems:
       Signed Area        20766500.439596690     
       Jacobian           20748154.206839714     
  
 //////////////////////////////////////////////////
 Element           15
          9939.2474856925455        8417.4287350498616        0.0000000000000000     
          14913.935596496089        8422.0943299966584        0.0000000000000000     
          14918.569545224707        12580.928821350983        0.0000000000000000     
          9951.8382458223223        12592.746048802062        0.0000000000000000     
 Problems:
       Signed Area        20713355.426919132     
       Jacobian           20655868.197669841     
  
 //////////////////////////////////////////////////
 Element           16
          14913.935596496089        8422.0943299966584        0.0000000000000000     
          19927.834663797777        8426.4665657723908        0.0000000000000000     
          19928.560586007225        12574.090179064076        0.0000000000000000     
          14918.569545224707        12580.928821350983        0.0000000000000000     
 Problems:
       Signed Area        20815759.111999400     
       Jacobian           20779562.107451674     
  
 //////////////////////////////////////////////////
 Element           17
         -19928.560546437151        12574.090512557617        0.0000000000000000     
         -14918.569459165865        12580.928927466661        0.0000000000000000     
         -14927.840703734795        16767.890357832679        0.0000000000000000     
         -19936.551565996022        16759.452200490356        0.0000000000000000     
 Problems:
       Signed Area        20970018.413910262     
       Jacobian           20963333.978321053     
  
 //////////////////////////////////////////////////
 Element           18
         -14918.569459165865        12580.928927466661        0.0000000000000000     
         -9951.8381689573871        12592.746073901611        0.0000000000000000     
         -9961.7555169794668        16785.067165281711        0.0000000000000000     
         -14927.840703734795        16767.890357832679        0.0000000000000000     
 Problems:
       Signed Area        20807607.962575838     
       Jacobian           20792966.387239359     
  
 //////////////////////////////////////////////////
 Element           19
         -9951.8381689573871        12592.746073901611        0.0000000000000000     
         -4982.6239079319275        12601.286947937724        0.0000000000000000     
         -4989.5091647674508        16796.323916806759        0.0000000000000000     
         -9961.7555169794668        16785.067165281711        0.0000000000000000     
 Problems:
       Signed Area        20845730.614191517     
       Jacobian           20832626.456904039     
  
 //////////////////////////////////////////////////
 Element           20
         -4982.6239079319275        12601.286947937724        0.0000000000000000     
         -2.5904731916691068E-005   12603.915274193017        0.0000000000000000     
         -2.1117706678451198E-004   16799.314820624757        0.0000000000000000     
         -4989.5091647674508        16796.323916806759        0.0000000000000000     
 Problems:
       Signed Area        20917646.542569742     
       Jacobian           20902309.483775150     
  
 //////////////////////////////////////////////////
 Element           21
         -2.5904731916691068E-005   12603.915274193017        0.0000000000000000     
          4982.6239055966607        12601.286942972220        0.0000000000000000     
          4989.5089599639923        16796.323914466037        0.0000000000000000     
         -2.1117706678451198E-004   16799.314820624757        0.0000000000000000     
 Problems:
       Signed Area        20917647.108434819     
       Jacobian           20902309.703901567     
  
 //////////////////////////////////////////////////
 Element           22
          4982.6239055966607        12601.286942972220        0.0000000000000000     
          9951.8382458223223        12592.746048802062        0.0000000000000000     
          9961.7557174028061        16785.067150638832        0.0000000000000000     
          4989.5089599639923        16796.323914466037        0.0000000000000000     
 Problems:
       Signed Area        20845731.662215076     
       Jacobian           20832626.842153125     
  
 //////////////////////////////////////////////////
 Element           23
          9951.8382458223223        12592.746048802062        0.0000000000000000     
          14918.569545224707        12580.928821350983        0.0000000000000000     
          14927.840933255702        16767.890293677872        0.0000000000000000     
          9961.7557174028061        16785.067150638832        0.0000000000000000     
 Problems:
       Signed Area        20807608.175514728     
       Jacobian           20792966.720374279     
  
 //////////////////////////////////////////////////
 Element           24
          14918.569545224707        12580.928821350983        0.0000000000000000     
          19928.560586007225        12574.090179064076        0.0000000000000000     
          19936.551606877551        16759.452004719635        0.0000000000000000     
          14927.840933255702        16767.890293677872        0.0000000000000000     
 Problems:
       Signed Area        20970018.373919569     
       Jacobian           20963333.879673596     
  
 //////////////////////////////////////////////////
 Element           25
         -19927.834620289032        8426.4668996145356        0.0000000000000000     
         -25000.000000000000        8465.6258326665684        0.0000000000000000     
         -25000.000000000000        4232.8129163341537        0.0000000000000000     
         -19935.366289077832        4240.9674195961798        0.0000000000000000     
 Problems:
       Signed Area        21333743.739772577     
       Jacobian           21197960.346530464     
  
 //////////////////////////////////////////////////
 Element           26
         -19935.366289077832        4240.9674195961798        0.0000000000000000     
         -25000.000000000000        4232.8129163341537        0.0000000000000000     
         -25000.000000000000        1.7359929831205142E-009   0.0000000000000000     
         -19960.955964066958        2.9917406231148050E-005   0.0000000000000000     
 Problems:
       Signed Area        21404034.209432874     
       Jacobian           21329330.681265216     
  
 //////////////////////////////////////////////////
 Element           27
         -19935.366289077832        4240.9674195961798        0.0000000000000000     
         -19960.955964066958        2.9917406231148050E-005   0.0000000000000000     
         -14921.911928133917        1.4865154606435281E-002   0.0000000000000000     
         -14919.651414146811        4234.9396876482897        0.0000000000000000     
 Problems:
       Signed Area        21305805.052043505     
       Jacobian           21241189.052168567     
  
 //////////////////////////////////////////////////
 Element           28
         -14919.651414146811        4234.9396876482897        0.0000000000000000     
         -14921.911928133917        1.4865154606435281E-002   0.0000000000000000     
         -10000.000152633404        6.5802283422221133E-014   0.0000000000000000     
         -9913.2219865473489        4231.4867193243499        0.0000000000000000     
 Problems:
       Signed Area        21014432.831087202     
       Jacobian           20827005.601687409     
  
 //////////////////////////////////////////////////
 Element           29
         -9913.2219865473489        4231.4867193243499        0.0000000000000000     
         -10000.000152633404        6.5802283422221133E-014   0.0000000000000000     
         -4591.6042016700994        85.970628837309292        0.0000000000000000     
         -4912.8042901059334        4254.9903382738876        0.0000000000000000     
 Problems:
       Signed Area        21866242.281102955     
       Jacobian           20854389.296364866     
  
 //////////////////////////////////////////////////
 Element           30
         -4912.8042901059334        4254.9903382738876        0.0000000000000000     
         -4591.6042016700994        85.970628837309292        0.0000000000000000     
          3.6217206798028201E-006   250.00000000000000        0.0000000000000000     
          2.8255034243926223E-004   4275.1090685502240        0.0000000000000000     
 Problems:
       Signed Area        19484874.455059551     
       Jacobian           18481707.680160962     
  
 //////////////////////////////////////////////////
 Element           31
          2.8255034243926223E-004   4275.1090685502240        0.0000000000000000     
          3.6217206798028201E-006   250.00000000000000        0.0000000000000000     
          4591.6061724455285        85.970433200268261        0.0000000000000000     
          4912.8049843367871        4254.9902991883437        0.0000000000000000     
 Problems:
       Signed Area        19484879.099689730     
       Jacobian           18481715.675096400     
  
 //////////////////////////////////////////////////
 Element           32
          4912.8049843367871        4254.9902991883437        0.0000000000000000     
          4591.6061724455285        85.970433200268261        0.0000000000000000     
          10000.002042817454        1.1786917762860482E-011   0.0000000000000000     
          9913.2226341893511        4231.4866814296383        0.0000000000000000     
 Problems:
       Signed Area        21866242.242298581     
       Jacobian           20854389.854571983     
  
 //////////////////////////////////////////////////
 Element           33
          9913.2226341893511        4231.4866814296383        0.0000000000000000     
          10000.002042817454        1.1786917762860482E-011   0.0000000000000000     
          14921.911928133930        1.4865154606435461E-002   0.0000000000000000     
          14919.651691214276        4234.9396195656409        0.0000000000000000     
 Problems:
       Signed Area        21014427.783079311     
       Jacobian           20826997.416902814     
  
 //////////////////////////////////////////////////
 Element           34
          14919.651691214276        4234.9396195656409        0.0000000000000000     
          14921.911928133930        1.4865154606435461E-002   0.0000000000000000     
          19960.955964066961        2.9917406231147840E-005   0.0000000000000000     
          19935.366335968443        4240.9672232538569        0.0000000000000000     
 Problems:
       Signed Area        21305803.898242623     
       Jacobian           21241187.733943764     
  
 //////////////////////////////////////////////////
 Element           35
          19935.366335968443        4240.9672232538569        0.0000000000000000     
          19960.955964066961        2.9917406231147840E-005   0.0000000000000000     
          25000.000000000000        1.7359929831205142E-009   0.0000000000000000     
          25000.000000000000        4232.8125032603239        0.0000000000000000     
 Problems:
       Signed Area        21404032.569470659     
       Jacobian           21329328.599767983     
  
 //////////////////////////////////////////////////
 Element           36
          19935.366335968443        4240.9672232538569        0.0000000000000000     
          25000.000000000000        4232.8125032603239        0.0000000000000000     
          25000.000000000000        8465.6250065189106        0.0000000000000000     
          19927.834663797777        8426.4665657723908        0.0000000000000000     
 Problems:
       Signed Area        21333742.152947620     
       Jacobian           21197959.452223677     
  
 //////////////////////////////////////////////////
 Element           37
          19927.834663797777        8426.4665657723908        0.0000000000000000     
          25000.000000000000        8465.6250065189106        0.0000000000000000     
          25000.000000000000        12534.374167335167        0.0000000000000000     
          19928.560586007225        12574.090179064076        0.0000000000000000     
 Problems:
       Signed Area        20835909.576391831     
       Jacobian           20634414.859813593     
  
 //////////////////////////////////////////////////
 Element           38
          19928.560586007225        12574.090179064076        0.0000000000000000     
          25000.000000000000        12534.374167335167        0.0000000000000000     
          25000.000000000000        16767.187083667581        0.0000000000000000     
          19936.551606877551        16759.452004719635        0.0000000000000000     
 Problems:
       Signed Area        21329378.027760141     
       Jacobian           21192301.799574371     
  
 //////////////////////////////////////////////////
 Element           39
          19936.551606877551        16759.452004719635        0.0000000000000000     
          25000.000000000000        16767.187083667581        0.0000000000000000     
          25000.000000000000        21000.000000000000        0.0000000000000000     
          19960.937394509172        21000.000000000000        0.0000000000000000     
 Problems:
       Signed Area        21400508.294698860     
       Jacobian           21329409.282729272     
  
 //////////////////////////////////////////////////
 Element           40
          19936.551606877551        16759.452004719635        0.0000000000000000     
          19960.937394509172        21000.000000000000        0.0000000000000000     
          14921.874789018344        21000.000000000000        0.0000000000000000     
          14927.840933255702        16767.890293677872        0.0000000000000000     
 Problems:
       Signed Area        21282874.771875806     
       Jacobian           21197362.713945229     
  
 //////////////////////////////////////////////////
 Element           41
          14927.840933255702        16767.890293677872        0.0000000000000000     
          14921.874789018344        21000.000000000000        0.0000000000000000     
          10000.000152633384        21000.000000000000        0.0000000000000000     
          9961.7557174028061        16785.067150638832        0.0000000000000000     
 Problems:
       Signed Area        20881143.025082104     
       Jacobian           20745371.085336525     
  
 //////////////////////////////////////////////////
 Element           42
          9961.7557174028061        16785.067150638832        0.0000000000000000     
          10000.000152633384        21000.000000000000        0.0000000000000000     
          4999.9999218724734        21000.000000000000        0.0000000000000000     
          4989.5089599639923        16796.323914466037        0.0000000000000000     
 Problems:
       Signed Area        20988249.049673721     
       Jacobian           20901832.879899859     
  
 //////////////////////////////////////////////////
 Element           43
          4989.5089599639923        16796.323914466037        0.0000000000000000     
          4999.9999218724734        21000.000000000000        0.0000000000000000     
         -3.6217243177816272E-006   21000.000000000000        0.0000000000000000     
         -2.1117706678451198E-004   16799.314820624757        0.0000000000000000     
 Problems:
       Signed Area        20988868.671330720     
       Jacobian           20959357.228189878     
  
 //////////////////////////////////////////////////
 Element           44
         -2.1117706678451198E-004   16799.314820624757        0.0000000000000000     
         -3.6217243177816272E-006   21000.000000000000        0.0000000000000000     
         -5000.0020428174539        21000.000000000000        0.0000000000000000     
         -4989.5091647674508        16796.323916806759        0.0000000000000000     
 Problems:
       Signed Area        20988872.650585473     
       Jacobian           20959356.313086428     
  
 //////////////////////////////////////////////////
 Element           45
         -4989.5091647674508        16796.323916806759        0.0000000000000000     
         -5000.0020428174539        21000.000000000000        0.0000000000000000     
         -9999.9979571825606        21000.000000000000        0.0000000000000000     
         -9961.7555169794668        16785.067165281711        0.0000000000000000     
 Problems:
       Signed Area        20988239.069587130     
       Jacobian           20901831.186259478     
  
 //////////////////////////////////////////////////
 Element           46
         -9961.7555169794668        16785.067165281711        0.0000000000000000     
         -9999.9979571825606        21000.000000000000        0.0000000000000000     
         -14921.874789018344        21000.000000000000        0.0000000000000000     
         -14927.840703734795        16767.890357832679        0.0000000000000000     
 Problems:
       Signed Area        20881147.397133525     
       Jacobian           20745380.266943872     
  
 //////////////////////////////////////////////////
 Element           47
         -14927.840703734795        16767.890357832679        0.0000000000000000     
         -14921.874789018344        21000.000000000000        0.0000000000000000     
         -19960.937394509172        21000.000000000000        0.0000000000000000     
         -19936.551565996022        16759.452200490356        0.0000000000000000     
 Problems:
       Signed Area        21282874.518491168     
       Jacobian           21197363.193676867     
  
 //////////////////////////////////////////////////
 Element           48
         -19936.551565996022        16759.452200490356        0.0000000000000000     
         -19960.937394509172        21000.000000000000        0.0000000000000000     
         -25000.000000000000        21000.000000000000        0.0000000000000000     
         -25000.000000000000        16767.187496741411        0.0000000000000000     
 Problems:
       Signed Area        21400506.842181310     
       Jacobian           21329407.201224376     
  
 //////////////////////////////////////////////////
 Element           49
         -19936.551565996022        16759.452200490356        0.0000000000000000     
         -25000.000000000000        16767.187496741411        0.0000000000000000     
         -25000.000000000000        12534.374993482825        0.0000000000000000     
         -19928.560546437151        12574.090512557617        0.0000000000000000     
 Problems:
       Signed Area        21329376.800079681     
       Jacobian           21192301.271599635     
  
 //////////////////////////////////////////////////
 Element           50
         -19928.560546437151        12574.090512557617        0.0000000000000000     
         -25000.000000000000        12534.374993482825        0.0000000000000000     
         -25000.000000000000        8465.6258326665684        0.0000000000000000     
         -19927.834620289032        8426.4668996145356        0.0000000000000000     
 Problems:
       Signed Area        20835909.745981243     
       Jacobian           20634415.020814296     
  
 //////////////////////////////////////////////////
  
 ------------------------
 2D Mesh Quality Measures
 ------------------------
  
Signed Area     Aspect Ratio    Condition       Edge Ratio      Jacobian        Minimum Angle   Maximum Angle   Area Sign       
      2.0994E+07      1.0991E+00      1.0164E+00      1.1984E+00      2.0986E+07      8.9966E+01      9.0053E+01      1.0000E+00
      2.0893E+07      1.0995E+00      1.0161E+00      1.1960E+00      2.0824E+07      8.9604E+01      9.0410E+01      1.0000E+00
      2.0816E+07      1.1003E+00      1.0168E+00      1.2006E+00      2.0700E+07      8.9499E+01      9.0745E+01      1.0000E+00
      2.0535E+07      1.1006E+00      1.0164E+00      1.1980E+00      2.0376E+07      8.9265E+01      9.0535E+01      1.0000E+00
      2.0535E+07      1.1006E+00      1.0164E+00      1.1980E+00      2.0376E+07      8.9265E+01      9.0535E+01      1.0000E+00
      2.0816E+07      1.1003E+00      1.0168E+00      1.2006E+00      2.0700E+07      8.9499E+01      9.0745E+01      1.0000E+00
      2.0893E+07      1.0995E+00      1.0161E+00      1.1960E+00      2.0824E+07      8.9604E+01      9.0410E+01      1.0000E+00
      2.0994E+07      1.0991E+00      1.0164E+00      1.1984E+00      2.0986E+07      8.9966E+01      9.0053E+01      1.0000E+00
      2.0816E+07      1.1038E+00      1.0180E+00      1.2089E+00      2.0780E+07      8.9886E+01      9.0068E+01      1.0000E+00
      2.0713E+07      1.0973E+00      1.0161E+00      1.1962E+00      2.0656E+07      8.9773E+01      9.0118E+01      1.0000E+00
      2.0767E+07      1.0948E+00      1.0152E+00      1.1904E+00      2.0748E+07      8.9836E+01      9.0147E+01      1.0000E+00
      2.0806E+07      1.0965E+00      1.0154E+00      1.1916E+00      2.0776E+07      8.9840E+01      9.0155E+01      1.0000E+00
      2.0806E+07      1.0965E+00      1.0154E+00      1.1916E+00      2.0776E+07      8.9840E+01      9.0155E+01      1.0000E+00
      2.0767E+07      1.0948E+00      1.0152E+00      1.1904E+00      2.0748E+07      8.9836E+01      9.0147E+01      1.0000E+00
      2.0713E+07      1.0973E+00      1.0161E+00      1.1962E+00      2.0656E+07      8.9773E+01      9.0118E+01      1.0000E+00
      2.0816E+07      1.1038E+00      1.0180E+00      1.2089E+00      2.0780E+07      8.9886E+01      9.0068E+01      1.0000E+00
      2.0970E+07      1.0985E+00      1.0162E+00      1.1970E+00      2.0963E+07      8.9951E+01      9.0031E+01      1.0000E+00
      2.0808E+07      1.0928E+00      1.0146E+00      1.1862E+00      2.0793E+07      8.9937E+01      9.0071E+01      1.0000E+00
      2.0846E+07      1.0930E+00      1.0146E+00      1.1860E+00      2.0833E+07      8.9964E+01      9.0037E+01      1.0000E+00
      2.0918E+07      1.0950E+00      1.0151E+00      1.1894E+00      2.0902E+07      8.9940E+01      9.0064E+01      1.0000E+00
      2.0918E+07      1.0950E+00      1.0151E+00      1.1894E+00      2.0902E+07      8.9940E+01      9.0064E+01      1.0000E+00
      2.0846E+07      1.0930E+00      1.0146E+00      1.1860E+00      2.0833E+07      8.9964E+01      9.0037E+01      1.0000E+00
      2.0808E+07      1.0928E+00      1.0146E+00      1.1862E+00      2.0793E+07      8.9937E+01      9.0071E+01      1.0000E+00
      2.0970E+07      1.0985E+00      1.0162E+00      1.1970E+00      2.0963E+07      8.9951E+01      9.0031E+01      1.0000E+00
      2.1334E+07      1.1029E+00      1.0185E+00      1.2119E+00      2.1198E+07      8.9558E+01      9.0339E+01      1.0000E+00
      2.1404E+07      1.0990E+00      1.0161E+00      1.1965E+00      2.1329E+07      8.9562E+01      9.0346E+01      1.0000E+00
      2.1306E+07      1.0957E+00      1.0152E+00      1.1899E+00      2.1241E+07      8.9654E+01      9.0277E+01      1.0000E+00
      2.1014E+07      1.0956E+00      1.0143E+00      1.1829E+00      2.0827E+07      8.8865E+01      9.1175E+01      1.0000E+00
      2.1866E+07      1.1641E+00      1.0352E+00      1.2936E+00      2.0854E+07      8.6505E+01      9.4136E+01      1.0000E+00
      1.9485E+07      1.1166E+00      1.0199E+00      1.2205E+00      1.8482E+07      8.5829E+01      9.2360E+01      1.0000E+00
      1.9485E+07      1.1166E+00      1.0199E+00      1.2205E+00      1.8482E+07      8.5829E+01      9.2360E+01      1.0000E+00
      2.1866E+07      1.1641E+00      1.0352E+00      1.2936E+00      2.0854E+07      8.6505E+01      9.4136E+01      1.0000E+00
      2.1014E+07      1.0956E+00      1.0143E+00      1.1829E+00      2.0827E+07      8.8865E+01      9.1175E+01      1.0000E+00
      2.1306E+07      1.0957E+00      1.0152E+00      1.1899E+00      2.1241E+07      8.9654E+01      9.0277E+01      1.0000E+00
      2.1404E+07      1.0990E+00      1.0161E+00      1.1965E+00      2.1329E+07      8.9562E+01      9.0346E+01      1.0000E+00
      2.1334E+07      1.1029E+00      1.0185E+00      1.2119E+00      2.1198E+07      8.9558E+01      9.0339E+01      1.0000E+00
      2.0836E+07      1.1174E+00      1.0244E+00      1.2467E+00      2.0634E+07      8.9548E+01      9.0449E+01      1.0000E+00
      2.1329E+07      1.1029E+00      1.0185E+00      1.2117E+00      2.1192E+07      8.9551E+01      9.0339E+01      1.0000E+00
      2.1401E+07      1.0988E+00      1.0161E+00      1.1962E+00      2.1329E+07      8.9583E+01      9.0329E+01      1.0000E+00
      2.1283E+07      1.0963E+00      1.0153E+00      1.1907E+00      2.1197E+07      8.9671E+01      9.0233E+01      1.0000E+00
      2.0881E+07      1.0902E+00      1.0135E+00      1.1782E+00      2.0745E+07      8.9678E+01      9.0520E+01      1.0000E+00
      2.0988E+07      1.0953E+00      1.0151E+00      1.1894E+00      2.0902E+07      8.9480E+01      9.0390E+01      1.0000E+00
      2.0989E+07      1.0955E+00      1.0152E+00      1.1903E+00      2.0959E+07      8.9857E+01      9.0109E+01      1.0000E+00
      2.0989E+07      1.0955E+00      1.0152E+00      1.1903E+00      2.0959E+07      8.9857E+01      9.0109E+01      1.0000E+00
      2.0988E+07      1.0953E+00      1.0151E+00      1.1894E+00      2.0902E+07      8.9480E+01      9.0390E+01      1.0000E+00
      2.0881E+07      1.0902E+00      1.0135E+00      1.1782E+00      2.0745E+07      8.9678E+01      9.0520E+01      1.0000E+00
      2.1283E+07      1.0963E+00      1.0153E+00      1.1907E+00      2.1197E+07      8.9671E+01      9.0233E+01      1.0000E+00
      2.1401E+07      1.0988E+00      1.0161E+00      1.1962E+00      2.1329E+07      8.9583E+01      9.0329E+01      1.0000E+00
      2.1329E+07      1.1029E+00      1.0185E+00      1.2117E+00      2.1192E+07      8.9551E+01      9.0339E+01      1.0000E+00
      2.0836E+07      1.1174E+00      1.0244E+00      1.2467E+00      2.0634E+07      8.9548E+01      9.0449E+01      1.0000E+00
